converged: true
initial_cost_per_obs: 912033.7473657165
final_cost_per_obs: 2.4559726726816433
target_mount_to_target_pos:
  x: 0.052420239017524677
  y: 0.11707682304018387
  z: 0.20200091530407691
camera_mount_to_camera_pos:
  x: -0.019244099609314384
  y: 1.2685683299551143
  z: 0.28596284162986568
target_mount_to_target_rpy:
  x: -0.27244202447306415
  y: 1.5211319643734944
  z: 2.0830898675932166
camera_mount_to_camera_rpy:
  x: -1.185402315864468
  y: 0.10661890144606352
  z: 3.1282558434663512