# oST version 5.0 parameters


[image]

width
1280

height
800

[camera1]

camera matrix
580.511366 0.000000 622.569538
0.000000 581.544165 398.922747
0.000000 0.000000 1.000000

distortion
-0.251102 0.052554 0.001455 0.003036 0.000000

rectification
1.000000 0.000000 0.000000
0.000000 1.000000 0.000000
0.000000 0.000000 1.000000

projection
424.004899 0.000000 633.705928 0.000000
0.000000 501.147305 400.909347 0.000000
0.000000 0.000000 1.000000 0.000000
