image_width: 1280
image_height: 800
camera_name: camera0
camera_matrix:
  rows: 3
  cols: 3
  data: [574.23618,   0.     , 636.94875,
           0.     , 574.32192, 402.64242,
           0.     ,   0.     ,   1.     ]
distortion_model: plumb_bob
distortion_coefficients:
  rows: 1
  cols: 5
  data: [-0.271180, 0.068354, -0.000419, 0.000565, 0.000000]
rectification_matrix:
  rows: 3
  cols: 3
  data: [1., 0., 0.,
         0., 1., 0.,
         0., 0., 1.]
projection_matrix:
  rows: 3
  cols: 4
  data: [435.63505,   0.     , 638.27072,   0.     ,
           0.     , 487.53588, 403.20833,   0.     ,
           0.     ,   0.     ,   1.     ,   0.     ]
