# oST version 5.0 parameters


[image]

width
1280

height
800

[camera0]

camera matrix
574.236182 0.000000 636.948755
0.000000 574.321918 402.642423
0.000000 0.000000 1.000000

distortion
-0.271180 0.068354 -0.000419 0.000565 0.000000

rectification
1.000000 0.000000 0.000000
0.000000 1.000000 0.000000
0.000000 0.000000 1.000000

projection
435.635054 0.000000 638.270720 0.000000
0.000000 487.535881 403.208328 0.000000
0.000000 0.000000 1.000000 0.000000
